139489.9
131237.0
135866.3
134654.6
132638.5
127776.4
135692.0
127262.9
132226.2
137705.6
133682.8
136814.0
143773.0
133322.0
139194.7
137615.5
144439.7
131966.8
137153.4
138503.8
141074.9
131671.0
127628.3
134967.1
138232.8
139674.4
129860.0
135433.7
131454.0
132803.0
129617.3
138641.3
128703.4
137487.9
138905.5
139229.2
131864.4
133136.0
134722.1
138346.2
141010.8
133533.6
139916.7
138643.8
131231.3
137562.3
128452.9
138066.2
131666.6
126174.6
134378.3
137538.4
140381.0
134728.9
132882.6
127981.9
132801.3
136702.2
134211.8
134394.0
137368.8
135674.2
138980.4
145160.0
132966.1
134584.9
135293.4
140576.0
130093.1
132364.3
133371.0
132257.8
131371.4
133369.1
138201.0
130223.4
129263.9
141895.3
146219.7
133747.9
133240.4
131515.6
126676.6
137844.2
131965.3
138567.2
136998.6
137864.8
138283.5
132247.5
138001.1
142444.0
130583.2
135374.5
132848.8
135515.7
135261.1
135028.6
137031.9
128370.8
138794.9
138662.9
136977.9
139373.8
133203.2
136010.6
133435.2
132963.8
131942.6
137312.3
132264.1
137363.3
133890.6
133487.0
133712.3
142364.6
135832.1
134756.6
141209.0
132934.1
132669.1
136540.6
139689.8
137465.9
133538.9
143960.3
135603.3
142093.2
138814.7
139303.0
132090.6
131843.8
135582.4
135612.1
137330.0
130158.2
137418.6
131930.0
138417.6
136654.4
134304.8
128716.8
135109.2
135070.8
138185.9
130063.7
133626.0
135624.3
131896.7
139448.3
140463.6
130637.6
142318.8
139847.6
140304.1
135331.5
139403.8
133022.0
136295.0
131658.0
127250.4
136256.4
140902.6
140102.2
139630.2
136787.5
140613.1
139157.4
137518.5
134734.9
135205.1
136297.1
134115.1
135175.7
130614.6
126584.7
137407.9
124689.1
137919.4
133579.8
128351.3
131202.6
136556.9
136889.8
131083.5
133806.4
136642.0
129579.8
136174.5
132393.4
141028.8
134464.8
138440.6
136617.6
132245.1
137891.0
131784.5
139103.1
134702.1
134599.4
138103.8
141436.4
131937.8
136295.3
132463.9
130560.7
138308.6
136378.1
134632.7
139146.0
131749.0
130004.2
139215.2
132118.2
131209.8
139816.3
147725.1
128114.2
132433.4
135442.6
133845.8
133375.9
138796.5
130604.5
138591.3
132174.1
133553.9
132037.6
138523.8
127170.0
136428.7
131993.9
133782.0
133042.6
141124.6
137928.4
141311.0
131564.5
135693.9
135715.0
137606.3
136784.3
133529.0
131523.4
139761.0
129564.2
138221.4
139275.3
140131.9
134256.2
135117.7
126358.7
128600.3
133910.1
137638.5
131454.8
133227.3
136579.5
135658.6
140193.0
136903.7
129227.7
133386.5
137508.0
141431.5
130310.3
139466.1
134451.6
132530.0
131549.1
140760.9
132630.8
139754.6
134743.4
130924.9
138264.9
131774.5
136440.5
132041.0
133875.7
137092.2
137884.9
134424.9
134300.0
138385.0
137442.9
130158.7
136585.4
131100.3
133481.5
139477.8
135344.5
146058.9
132765.3
136611.5
130063.6
136866.7
136246.4
137743.7
132637.7
138047.4
137512.5
138717.0
129578.0
133035.5
135064.9
143244.2
138790.4
135447.6
125731.6
140933.6
139563.5
136721.8
133787.6
134576.1
132893.6
134687.1
143483.3
138359.8
134205.9
137861.3
132334.5
133793.8
129484.2
136758.3
135707.1
136660.6
133243.5
138165.1
135500.8
133944.9
135091.2
133015.0
129795.7
134030.9
143363.0
142953.0
136084.9
129347.7
134070.7
139893.0
129829.1
137522.6
133349.6
131549.0
129971.7
132248.0
138326.7
139910.6
138001.6
138581.7
129145.0
128139.5
134167.1
133673.1
132093.7
140414.6
131320.8
135864.4
128575.1
143652.8
135392.0
135998.3
128625.4
149804.7
136207.7
139317.0
133186.6
138345.1
141410.4
133336.2
139249.9
137314.3
128225.2
138802.6
135725.1
135548.8
134898.0
131830.8
137622.1
128723.6
140306.4
132357.2
139067.7
129072.2
137375.3
132048.0
124366.1
140701.6
138510.9
135469.0
140139.0
134789.7
137365.1
140698.8
134491.7
135617.2
134026.4
143151.1
145151.9
139198.0
126194.7
138302.6
139653.1
132100.6
136207.8
136319.5
125410.8
135671.7
141539.1
138229.8
148038.3
133730.5
136312.1
136449.8
136063.9
134063.0
139743.3
131325.6
131781.3
128704.0
143544.8
142467.6
143240.3
132119.9
143918.1
134974.6
139522.2
135317.3
137297.2
136697.9
139365.3
141656.6
137408.8
130640.7
136766.4
135618.3
138576.6
137703.7
130979.8
133197.3
146408.3
138938.5
135676.4
134204.1
137261.0
132509.4
138520.8
133363.7
135844.6
135746.3
139918.6
131425.6
132228.5
142860.0
139324.9
139151.0
143205.5
137818.5
142195.8
128728.4
133460.4
135389.2
137340.8
144822.6
138225.0
134742.4
129888.5
130484.3
136295.3
137997.1
132048.4
139708.1
134627.3
136438.9
132258.6
137019.9
135026.5
132532.1
132526.6
128310.1
137205.7
134484.5
135240.4
136742.9
125952.9
133764.7
141723.5
137179.6
136352.2
140935.1
125091.9
128218.4
134753.8
136524.7
137942.3
136752.1
134269.9
137587.0
133807.0
141027.1
135923.2
131557.4
140373.2
143761.8
136676.9
129854.2
133159.1
131244.2
130789.5
135465.1
140840.9
135686.5
132732.7
133732.2
129196.0
136113.1
135280.2
134567.1
134731.4
137469.1
139457.1
135054.2
136122.4
140862.9
135129.1
137256.0
137691.4
131519.0
134927.8
132018.5
140395.0
133019.1
126180.3
134273.9
138141.0
130416.1
133489.2
133380.5
135790.7
136288.3
139344.5
133880.1
138055.1
141693.1
129199.0
137464.6
137470.8
127526.1
130271.0
136809.1
138652.6
140958.0
135098.7
133207.1
135078.3
141254.8
136045.4
134615.0
138127.8
130877.5
126197.4
133867.5
137354.7
141027.9
129919.6
140179.7
134556.0
129722.0
144719.8
138550.3
131982.3
135360.9
133454.7
134481.4
132072.7
137756.1
131394.2
132977.4
129409.0
135543.3
131797.2
133235.4
140161.7
138516.0
143201.8
133367.6
134942.6
142753.4
127828.6
134571.6
133273.9
134760.1
125975.5
127281.6
129066.4
140339.4
128179.1
135182.1
136511.6
131825.5
138836.1
136956.1
131802.8
136158.2
131347.8
132204.7
140813.1
138255.6
132129.1
144342.6
132054.2
140856.0
137413.3
134721.0
140356.2
139245.4
135400.8
138342.8
128932.7
134596.2
136789.1
129983.7
133363.0
132285.2
147146.8
133355.2
131872.7
140712.0
142223.1
136097.8
133394.6
135780.6
127480.5
138893.8
133917.7
130962.4
136182.6
132423.5
136036.7
139046.4
140604.0
138734.2
136024.0
139677.2
128565.6
132865.0
139067.6
134085.4
132464.7
140654.2
130580.2
142750.2
131193.5
136710.4
134561.6
140482.7
136622.8
131819.5
136375.2
129172.0
125888.9
133212.4
139055.5
137143.4
139657.8
146894.3
133806.7
133844.2
138892.5
136050.3
136174.7
142237.3
140122.4
133615.7
134566.2
131721.7
135831.8
130026.8
134148.8
133997.7
133404.9
132947.3
137993.4
133369.9
138062.3
129749.1
137258.3
131273.0
131580.9
145745.1
132492.9
130198.1
141392.6
131471.5
137222.2
137659.2
142466.8
130877.1
132847.2
133521.7
133012.1
132864.3
133053.1
137766.3
130122.6
126012.2
134873.2
136846.3
134969.2
132246.8
135767.9
130233.3
131487.7
133997.5
130743.8
137953.6
134850.3
134700.8
132651.4
133923.2
136782.2
134087.8
143980.5
126657.1
138782.4
141278.0
132845.8
132346.2
138643.3
135083.4
135557.4
135093.8
141378.6
131330.3
139579.9
136862.3
128314.9
138903.0
140515.9
140559.6
131432.0
136195.7
134795.7
133693.5
136442.3
132367.0
141137.3
131462.6
134338.1
128547.2
127923.7
138332.0
135650.6
137929.9
136389.6
134412.3
137389.6
139351.8
133435.2
130656.1
140519.8
141934.7
136535.7
128324.4
131680.2
138833.8
138951.9
135194.7
133187.0
146894.3
135535.3
133578.2
135699.6
134560.2
137241.4
136335.6
130568.0
134836.9
143571.6
136689.2
135320.7
128583.2
135497.8
145431.9
134739.5
136002.2
132681.3
135117.3
139434.5
130438.8
140096.9
134212.6
135488.7
135134.8
137070.8
135063.8
137317.6
136520.5
143117.5
133502.5
135812.0
136413.2
141335.8
137099.2
136226.9
143687.9
139998.4
139018.7
133788.2
133042.0
135965.4
135082.4
128810.7
139891.7
132924.3
140376.1
130841.6
140383.3
126696.0
133390.5
143087.6
139794.6
128953.0
132656.5
135357.6
133753.3
133432.7
138686.0
135828.4
133163.1
136350.6
138843.5
135721.0
128979.4
131540.8
134703.1
135323.2
130098.4
139914.3
137527.4
138188.0
137481.8
135937.7
138198.3
140374.7
127988.1
137617.4
131652.1
125291.1
134587.7
138769.8
138111.9
137014.3
132335.9
132174.5
139700.5
134218.7
147684.0
139398.9
143170.4
135652.6
137763.2
148298.0
132219.9
146217.2
138459.7
138140.8
138876.7
136206.6
142521.7
137607.3
134761.7
132883.9
131931.8
127592.0
128770.6
142473.9
142100.7
137042.5
131258.5
127065.1
142525.1
139552.7
134867.6
134120.1
135515.3
133468.0
137468.9
135563.6
137681.8
127854.3
135882.8
139065.1
137244.4
135396.1
135571.1
133691.8
129141.9
136197.3
137023.5
138370.5
129591.3
135396.1
135881.3
135925.7
131276.4
143693.4
133571.2
133172.3
141179.0
130089.0
134525.7
134972.4
138824.7
130406.9
140550.2
131924.7
136129.0
144830.7
138462.8
130020.9
133810.4
137248.7
140717.0
132094.2
126073.6
133797.6
139563.1
136270.0
133223.9
135681.3
141271.5
138470.9
130857.4
131598.7
135039.3
127596.8
140758.0
135202.9
134023.4
131346.8
134942.1
140679.1
130006.5
137454.4
132774.0
141589.3
142441.1
141055.4
134565.3
135511.7
134777.7
143006.5
136109.5
133163.2
135185.9
137641.7
138852.5
132251.3
136534.9
137634.8
138247.9
137753.4
141159.0
141858.7
139956.0
124013.1
132488.2
137809.4
137427.6
136711.3
138733.3
133220.5
142243.4
135480.5
140366.9
134168.3
129786.8
138598.7
135096.2
127626.3
125990.4
139399.8
138605.1
141331.6
136874.0
141468.6
139522.3
140246.5
135035.0
136120.8
127907.1
133477.2
139228.6
136860.7
131232.8
137925.5
134434.6
142143.7
