1508.00941
 404.98696
1147.24069
 595.27195
 539.91810
 310.60632
1247.27932
1435.55448
 930.16706
 669.35455
1212.43378
 898.03212
 865.93618
1871.12113
 863.84159
2006.89065
 254.28851
 405.66437
 871.47677
 620.74825
 674.23222
1271.62273
1217.67137
1021.00749
 405.56728
1278.06847
 963.46084
 487.29973
2209.59917
 632.94845
1229.59891
 678.82620
1318.13865
1962.76737
3062.19193
 391.39474
3035.88613
1305.83344
 441.17067
1977.59820
1212.68381
 526.87890
 474.63568
1310.12498
1112.58938
1065.29173
1111.99642
1059.33447
 421.50425
1361.15567
1739.81391
 617.53064
 352.94652
 468.77969
 216.13393
1238.07713
 867.76189
 737.23973
3076.56631
 658.67824
1847.25560
1375.87678
1243.74443
 545.08680
2689.64968
1978.35698
 290.95188
 572.54701
1431.36253
 472.50881
 123.20497
 852.33358
 902.20938
 607.87380
 994.12223
 717.82714
1710.02535
 699.17645
1055.62218
 997.47342
1262.10087
1353.02647
 789.92088
 370.93746
1831.48305
 479.31650
 172.01799
 279.73372
 223.68534
 406.56022
1957.68223
 437.28255
 504.87148
1252.90218
1008.48866
1105.11091
 700.82592
1961.23201
 260.09784
1122.31550
 842.45355
1987.74599
 647.54617
 844.36445
2434.74720
1000.72115
1720.04601
1478.54907
1266.04722
 598.59957
 938.69016
1728.59272
 633.63808
 552.34142
1171.58520
 303.12045
 113.09481
1332.40870
 845.54811
 751.92744
 480.46864
 769.05991
 199.78445
 380.61234
 166.29196
 311.56984
1282.71509
 795.08129
 342.52719
 802.79791
1252.91698
 273.41212
1915.72425
 677.05358
 394.02451
1457.05745
 722.84426
1019.90372
 559.60996
 892.59786
 669.76377
2096.06525
1565.79983
 437.85129
1274.58543
 452.69543
4437.30194
1126.94850
 117.91053
1055.90268
1551.50245
 781.51528
1093.30355
 595.09808
1483.46350
 303.88338
 759.04365
 315.89106
 794.09479
2292.48489
 313.42136
 819.48165
1365.56564
 689.89776
 555.31171
 239.35096
1233.42517
 516.07048
1128.25002
 738.82822
 566.70627
  68.56629
 286.41626
1142.08174
1256.95610
1102.57179
 519.84414
 562.37470
 157.70187
1133.64176
1049.96810
 702.44743
1002.40540
1189.12369
2340.80423
1270.40539
 258.98258
1155.00376
 624.16770
 233.81405
1248.59527
1545.88900
 654.51160
 342.79188
1823.31497
 658.90212
 432.94993
 918.32138
1170.15878
 282.12375
 233.87515
 516.56241
2382.70182
 354.22053
 680.05456
1014.10054
 788.61849
 577.19162
 130.11714
 457.87769
 460.19502
1303.20006
2256.88470
 424.65954
 573.64650
 755.02790
2131.69641
 757.62925
 782.84688
1233.44995
 655.14774
 844.95750
 715.39379
 834.60603
 612.83366
1346.81432
 836.12584
 674.14060
 846.80120
1254.71215
 376.28846
 932.86827
 494.52397
1317.35505
2612.24969
 674.68927
 886.17779
1438.34717
 209.18103
 112.15594
 471.04216
2526.49915
 838.23365
 477.46288
 520.43622
 335.61121
 593.57371
 168.93470
 591.64506
 378.40843
 590.26409
1096.91542
1660.62181
1114.04027
1314.88583
 418.33546
1406.68722
1591.77209
2618.84698
1507.22464
 445.58004
1813.32163
 495.99236
 956.00151
 548.09049
1477.41476
 752.07090
1303.65760
 200.52024
 979.29379
 782.73474
 881.69059
 905.81375
 868.15975
 842.44518
 223.40648
 251.50681
1399.83234
 740.25609
 332.10323
 685.66129
 866.75255
 397.20884
3033.52528
 890.11324
2224.66863
 960.47149
 601.74837
 458.32260
 562.89817
1064.00494
 305.81339
1261.64076
 227.26384
 464.62792
 400.02804
 384.08606
 281.25936
1050.54205
1370.93457
 665.00036
1852.79089
 502.90202
 486.37129
3277.82455
 647.23522
1561.56286
 213.00963
 845.02525
 415.35809
1458.36873
1297.12067
1681.15630
 448.47282
1725.62289
2119.96267
 526.59426
 997.01495
 394.34674
 185.11918
1415.63823
1089.27982
 918.29945
 424.10292
1048.86361
1422.61531
 419.94621
2259.57794
 849.12171
1001.05472
 479.33985
1148.71272
1381.83144
2356.56415
1818.62526
 469.87711
1913.05947
 144.03251
 682.56366
1931.45902
 659.85135
1423.87946
1569.40995
1656.47588
 461.17173
 762.11377
 153.88455
2284.04442
2523.98102
1976.10292
 905.88739
 147.42743
2085.39571
1386.41108
1665.25119
1049.96267
1453.97040
 588.72804
1048.15763
 718.64313
 510.07525
1574.01675
 765.03685
 142.43537
 222.16796
 625.86835
 515.17364
 516.07263
1914.01276
1918.71456
1109.73292
1067.71889
1208.97607
 272.28574
 155.28783
1268.72988
 524.24899
 603.08422
 745.04491
 345.12070
 612.10641
 682.90425
 641.78323
 376.46091
1325.82365
 643.84427
4428.68311
2154.84661
 731.57837
 974.56306
 799.65839
 422.18249
1064.36470
 529.94119
1895.54223
1259.67893
1464.13392
 557.23567
 192.60257
1063.17993
 689.11036
1037.47963
 661.25111
1400.96382
 770.76486
 277.53909
 324.19812
 797.52457
 355.36128
1033.32863
3031.43230
2322.98265
 355.76271
2148.14544
2661.36749
 466.27633
1439.25551
 462.69292
 594.02822
 410.44294
 553.26296
2148.27519
 318.08862
 938.44989
 229.82384
 530.99685
3014.59068
 572.35889
 672.76087
1391.01359
1069.82713
 345.65622
 631.79410
1005.23429
1100.15250
1549.24966
2747.91406
1076.09661
 459.80869
 762.75529
 844.15225
 990.86569
1167.79743
2047.32231
1018.85866
1084.54505
 260.61724
 228.79824
 374.94910
1292.88774
 611.84253
1020.51075
 497.77163
 138.19137
 838.07301
 742.33047
 362.57957
 159.58773
 728.34061
 221.08980
 756.89930
 239.64371
 511.32219
1935.59931
 857.63525
1081.34112
  87.38872
2906.55368
 736.92308
1285.19034
 394.43405
 550.69301
 658.33615
1522.57877
1692.15973
 346.38688
2034.55903
 366.71796
 667.09069
 254.19286
 820.87270
1603.69172
1468.52189
 266.24606
1297.18829
 815.22569
1145.58733
 132.92978
 859.75181
 642.94111
1523.85799
 629.35867
 259.48350
 553.24719
 838.45101
 330.82602
1490.24927
 519.22997
1558.33427
 521.31779
1051.86830
 763.26634
1061.95058
1595.64260
1113.95008
1916.62056
 278.57986
 190.83810
1610.35714
1035.65554
 276.47827
 433.34212
 507.64132
1644.69439
 679.91057
 439.71613
 677.59447
 279.13358
1059.47107
 851.51737
 505.83745
1057.54724
 392.34475
2300.61483
 392.09998
 265.58950
 339.91817
 515.81553
 392.16408
 516.09726
 709.29271
 457.25379
1228.12900
 676.72144
1745.51163
 481.09519
 950.70084
 277.55431
1475.57818
 787.73119
 674.58435
 857.86080
 224.95519
1258.33188
 245.32732
1331.25113
 577.18084
 771.79904
1209.83730
 344.50285
3056.94478
 323.66774
1905.10044
1766.73649
1455.16741
1229.12537
 378.91563
 600.34788
 728.50397
 485.17393
 582.62710
 731.42567
 983.34805
 919.46672
 736.77655
2120.85660
 541.16698
2239.72985
2131.55912
 176.78774
1163.57340
1301.56327
 304.02380
1743.71482
 410.39368
 268.95707
1871.65085
 306.62366
 195.18198
1128.04942
 363.51399
 548.17997
 404.90417
 282.61519
 414.45496
 741.76362
1067.77122
1264.42465
  69.15823
 447.33021
 447.34949
2245.63703
 254.60573
1200.61854
 713.40308
2233.39496
2090.72959
 992.80174
1086.62462
 869.49054
 397.73222
 828.94419
 607.51989
1078.35732
 607.14940
2630.42355
 630.58029
 665.20934
 910.81130
 596.22212
1745.66685
 464.80822
 728.88546
 560.09739
 238.70414
 381.86371
 708.79175
 363.33619
 444.57670
1010.86349
1098.25919
1226.56964
2021.65016
 850.62900
2473.99659
2422.29786
 255.83266
 561.57298
1798.19931
 453.49838
 570.18943
 806.25438
1058.24045
 216.40680
4428.57924
 894.13968
1204.33034
1962.25891
 969.83810
 200.76331
 348.28219
 451.39594
 748.76827
 551.61902
3335.28427
 418.35103
1029.24936
 927.45020
1701.03879
 319.82480
 417.63868
 757.35471
 404.68862
1224.14740
2498.28291
 360.80683
 150.34652
1054.26324
1931.88311
1696.59515
1118.79928
 607.71391
 541.62111
1308.69975
 356.64549
 446.93235
1459.02331
2226.86568
 178.37454
1709.21857
 349.17043
 935.22167
 327.79765
1603.50313
 363.74831
 239.31018
 473.99793
 714.18785
1810.15849
1019.65256
1071.37117
 333.39765
 565.32665
 528.72334
1193.45548
1550.31625
1456.44520
1017.57548
 960.35818
 239.73607
 442.04295
1015.34340
 151.74289
1504.27343
1381.53877
 766.96221
 220.14058
1647.25822
 333.79662
 707.76981
1492.71401
 501.24781
1297.99590
1080.56970
1404.38675
 324.36949
1727.78311
 699.94328
1627.65807
2016.07494
 940.24205
 585.90320
1107.14461
 361.47360
1539.00411
1472.32795
1294.14118
1104.50180
 626.08893
1022.46325
 883.38021
1572.58167
 559.79521
 928.76071
  88.64332
 547.39959
 465.18067
1924.21473
1165.21181
2003.85384
 339.16124
 244.86045
1057.76809
1509.21061
 340.80731
1460.47659
1934.14067
 268.52759
 596.07274
1592.21318
 416.30190
 922.43826
1003.87295
 852.39874
  77.90081
1305.79429
1611.94358
 701.18227
 211.31905
1280.00101
 291.04231
1300.00577
 222.04842
 885.10870
 451.69472
1893.67047
1556.94105
1662.28231
 823.63310
1098.43398
 400.01857
 782.84430
1291.10306
1098.93267
 679.70616
 890.95912
 730.54710
1273.58263
 677.12949
 726.36813
 240.48624
 534.00522
4419.46679
1194.10782
 532.04044
 860.06097
 721.19398
1663.94883
 230.09588
  99.27572
2167.95844
  89.42442
 223.63762
 198.54850
1212.99614
 724.33617
 812.84339
2146.03188
2008.24444
1783.44159
 942.45309
 654.17806
 394.21290
 787.51746
1890.31808
 237.62908
 863.70314
 566.22545
 294.79939
1937.19262
 819.26292
1141.93623
1994.84702
 799.84393
 549.89258
1809.50466
1180.23076
 612.74433
 877.44900
1052.18963
 542.25779
 508.35898
1025.98659
 507.90127
1778.03872
 668.94100
1108.48576
 486.21116
1556.64686
 697.72099
 577.15028
 378.54697
1244.90433
 569.04827
1767.16957
 928.94600
 401.21920
 386.61462
 419.20465
 994.37505
 838.46520
1372.86410
 537.38941
1211.81584
 623.09696
2246.44801
 304.00756
1451.38505
 706.65195
 486.30780
1050.25571
1460.47157
 964.62352
 249.02187
 385.45201
1150.92235
 175.49940
3490.19891
2177.06581
1294.10227
3753.79120
  99.75172
 563.05220
 995.04038
2700.59514
1933.66265
1542.99901
1178.42907
1755.04644
 325.37356
 348.04421
1329.38001
3186.12959
 947.90591
 246.90152
1011.40298
 387.12488
 521.15031
1070.20782
 397.48133
4023.79036
 821.74120
 434.62265
 504.05433
 666.95234
 368.88562
1210.52322
 721.79116
 495.78934
 706.95659
 692.39329
1356.82707
 823.59406
2009.03388
 496.95077
 214.90850
1710.37096
 334.93654
1071.60481
 670.76569
1878.89724
2350.31885
 300.60763
1057.93743
1077.45619
 661.86429
 551.63488
 740.31130
 865.84523
 874.98986
1250.29501
1281.66129
1614.37807
 366.35735
1414.77921
 284.75402
2748.49970
 976.68708
1712.44789
2461.59953
 694.80482
1126.73632
 174.51883
 861.19143
1853.55096
 786.46895
1497.75995
1700.49456
 267.60522
 650.00304
1233.54534
 808.00645
1052.64370
 450.92079
 798.56642
1158.47782
 857.96617
 406.56002
1636.22562
1207.66852
 443.00476
 788.68683
 633.83784
 157.26137
 783.66213
 693.82079
 797.22216
 629.13754
1198.60655
2600.39388
 711.95741
 873.82191
 400.23128
 430.23123
 785.83596
2310.76177
 250.71976
2394.86909
 919.40559
1977.15033
 319.53004
 168.78697
 714.07639
 459.58395
1512.62923
1344.57691
 867.53090
 422.05137
1433.38342
 980.38918
 766.11105
 793.88179
 176.90318
1030.08850
1315.44140
 261.19577
 313.61012
1922.01028
 805.86122
 364.26391
 269.45729
 198.90274
 655.43018
1020.13760
 331.26289
 492.53030
 166.26505
1025.18682
1235.46820
 532.70643
 392.89141
1072.78513
 533.47371
 314.78539
 306.63806
 588.13140
 248.17410
 257.53058
 656.31674
 497.90238
 804.87767
 989.93209
 260.04524
 674.27558
 321.13571
 705.04689
1587.94292
1077.94944
 231.25142
 430.39248
