2205
2793
2065
2053
2480
2380
2376
2793
2825
2843
2437
2558
2455
2052
2463
2350
2660
2091
2113
2324
2802
2308
2703
2280
2444
1996
2119
2557
2637
2589
2579
2416
2646
2567
2806
2065
2724
2463
2629
2448
2507
2832
2565
2526
2024
2536
2464
2769
2720
2023
2308
2324
2671
2708
2168
2303
2438
2374
2514
2070
2693
2804
2374
2386
2050
2443
2330
2167
2256
2956
2715
2790
2425
2480
2261
2568
2637
2399
2588
2262
2929
2824
2582
2540
2746
2605
2554
2678
2347
2319
2304
2619
2305
2464
2808
2413
2339
2826
2300
2370
2313
2389
2158
2629
2428
1770
1991
2113
2697
2468
2864
2839
2321
3053
2355
2299
2598
2946
2672
2591
2811
2160
2328
2331
2327
1999
2403
2157
2524
2382
2462
2692
2895
2237
2172
2173
2249
2257
2625
2285
2315
2782
2722
2448
2338
3009
2430
2384
1997
1970
2278
2309
2537
2045
2555
2890
2603
2457
2391
2193
2541
2704
2315
2351
2853
2439
2621
2723
2365
2499
2245
2511
2185
2746
2687
2041
2785
2444
2990
2734
2509
2288
2956
2597
2058
2416
2449
2524
2269
2310
2217
2597
1987
2865
2257
2277
2361
2744
2723
2365
1767
2482
2403
2524
2831
2565
2757
2631
2726
2719
2607
2611
2399
2890
2382
2356
2283
2329
2621
2060
2979
2540
2255
2636
2529
2658
2755
2700
2823
2461
2276
2547
2405
2900
2376
2592
2778
2680
2567
2407
2243
2325
2663
2257
2117
2562
2311
2302
2435
2848
2510
2433
2380
2629
2712
1951
2721
2432
2670
2726
2450
2518
2834
2273
2599
2469
2791
2574
2823
2337
2097
2943
2351
2856
2413
2638
2613
2190
2296
2431
2616
2374
2427
2520
2288
1866
2418
2697
2789
2425
3207
2902
2587
2610
2635
2662
2455
2302
2425
2704
2493
2591
3077
2506
2388
2661
2272
2440
2644
2482
2593
2634
2040
2456
2713
2283
2522
2397
2728
2754
2577
2538
2199
2622
2361
2281
2612
2664
2574
2815
2704
2661
2656
3068
2443
2595
2890
2869
2332
2822
2845
2774
2812
2458
2438
2318
2639
2790
2145
2814
2299
2724
2092
2321
2723
2448
2821
2024
2494
2873
2339
2749
2774
2955
2556
2631
2355
2969
2242
2734
2686
2305
2191
2625
2309
2312
2485
3119
2723
2359
2262
2180
2124
2825
2662
2006
2672
2927
1862
2643
2461
2683
2667
2323
2143
2535
2732
2421
2214
2223
2304
2591
2537
2585
2288
2525
2418
2215
2489
2044
2071
2704
2501
2693
2483
2495
2640
2587
2142
2475
2661
2290
2322
2511
2153
2058
2736
2368
2622
3181
2743
2420
2579
2363
3064
2741
2435
2468
2502
2806
2214
2533
2481
2562
2761
2281
2784
2430
2143
1997
2862
2349
2640
2673
2497
2412
2416
2292
2520
1914
2398
2768
2239
2338
2602
2349
2863
2755
2831
2726
3190
2611
2171
2527
2578
2080
2036
2483
2447
2277
2515
2215
2431
2154
2113
2711
1964
2275
2570
2581
2494
2394
2796
2134
2468
2490
2673
2131
2579
2578
2456
2750
2715
2965
2469
2634
2331
2523
2698
2333
2497
2372
2706
2122
2818
2324
2638
2679
2383
2604
2754
2610
2392
2371
2578
2450
1678
2066
2354
2252
2370
2319
2733
2807
2323
2265
2331
2685
2586
2378
2525
2878
2853
2643
2626
2492
2713
2670
2960
2262
2574
2345
2313
2272
2353
2751
2791
2350
2491
2572
2451
2515
2541
2371
2281
2781
2208
2557
2566
2554
2493
2611
2303
2625
2656
2546
2550
1869
2728
2519
2468
2644
2783
2702
2665
2621
2612
2676
2510
2332
2790
2554
2198
1909
2238
2731
2257
2692
2282
2491
2436
2301
2415
2417
2594
2413
2960
2759
2792
2138
2703
2557
2795
2950
2828
2771
2362
2161
2567
2702
2459
2565
2677
2339
2174
2609
2620
2309
2706
2446
2816
2604
2648
2516
2194
2317
2189
2282
2160
2420
2230
2263
2716
2669
2311
2667
2435
2043
2164
2457
2385
2838
2743
2105
2064
2462
2616
2592
2464
2993
2140
2664
2706
2001
2226
2654
2537
2394
2381
2770
2874
2198
2480
2270
2285
2643
2402
2572
2836
2553
2428
2394
2523
2141
2474
2325
2171
2866
2339
2383
2752
2033
2365
2684
2306
2438
1949
2664
2360
2328
2752
2518
2641
2472
2375
2928
2454
2341
2478
2339
2342
2226
2713
2114
2556
2317
2500
2688
2729
2769
2213
2384
2157
2432
2802
2112
2074
2383
2797
2735
2274
2529
2862
2556
2240
2377
2486
2321
2885
2402
2587
2605
2573
2227
2436
2229
2505
2386
2521
2157
2703
2508
2487
2315
2470
2135
2002
2467
2582
2209
2412
3105
2307
2331
2382
2430
2294
2532
2239
2423
2114
2471
2770
2573
2602
2408
2567
2487
2181
2601
2600
2524
2109
2729
2312
2136
1885
2255
2147
2468
2438
2572
2096
2849
2123
2478
2671
2457
2155
2325
2786
2874
2387
2651
2424
2689
2714
2576
2009
2244
2693
2554
2502
2554
2159
2513
2827
2407
2270
2572
2708
2727
2648
2970
2577
2581
2400
2607
2409
2669
2621
2499
2324
2525
2534
2157
2523
2290
2810
3119
2385
2396
2600
2555
2527
2729
2666
2429
2668
2753
2555
2747
2269
2404
2666
2447
2387
2599
2376
2671
2696
2417
2430
2489
2106
3016
2698
2135
2438
2971
2430
2903
2420
2152
2457
2532
2179
2908
2892
2641
2389
2588
2291
2873
2471
2767
1932
2737
2522
2204
2441
2675
2624
2981
2029
2625
2324
2621
2237
2502
2003
2617
2346
2475
2314
2519
2364
2976
2236
2824
2336
2475
2330
1885
2023
2906
2165
1766
2960
2475
2714
2081
2450
2455
2876
2570
2397
2664
2449
2059
2204
2404
2301
2463
2533
2597
2465
2674
2325
2490
2028
2794
2390
2409
2783
2008
2925
2792
2160
2582
2425
2397
2559
2559
2316
2185
2482
2426
2472
2629
2753
2465
3193
2653
2624
2405
2214
2338
2824
3008
2340
2499
2678
2491
2598
2664
2439
3057
2852
2725
2166
2817
2449
2189
2390
2539
2670
2691
2200
2793
2527
2457
2564
2339
2375
2179
2522
2654
2801
2443
