109708.7
111344.2
116901.2
112461.5
115983.8
114380.6
114001.6
112145.9
113216.5
112172.0
111859.5
111046.1
111134.4
111239.7
111358.8
110441.8
113499.7
110500.7
109174.5
109098.5
107785.0
106910.4
107131.9
108055.5
111176.5
109311.3
110142.0
110225.7
111430.2
111128.3
107903.8
105824.3
105844.0
105765.2
106868.5
111327.2
108472.9
106705.6
105688.4
107955.4
107920.6
109865.8
109808.3
109631.8
108667.7
107674.4
110277.3
107182.2
108290.1
109032.1
110101.0
111153.9
111396.0
112318.4
111648.9
109976.0
108017.4
112064.2
110019.9
109150.0
109571.6
109643.2
111929.3
110536.4
111505.1
111909.7
114201.4
112821.6
110246.3
112041.7
110813.9
111937.4
113684.3
114328.9
112181.7
112707.4
111192.9
111714.6
112767.2
109054.9
112705.2
111169.8
111672.1
111263.4
109385.5
108516.1
109159.5
109078.2
108005.9
106811.6
112082.3
108896.6
108989.3
108935.3
109186.1
109500.4
106764.3
106436.4
104407.7
106737.5
105200.2
112825.5
106084.5
105148.8
103741.1
105517.3
106182.3
107393.2
106855.6
105781.6
107170.8
107820.8
112065.7
112572.3
108084.3
107384.0
107819.8
108563.5
109127.0
109269.7
108439.6
111262.7
111124.8
108102.7
113666.8
107060.7
108780.2
109180.4
112413.2
112381.2
112110.1
111442.6
111977.4
114150.7
113899.9
112957.3
113601.2
112507.7
112195.9
113594.6
114161.0
114846.0
114369.8
114570.9
115690.6
114973.1
112777.1
114900.8
114342.6
113671.3
111758.1
110516.8
109903.6
107698.5
108678.3
107868.4
109220.2
110517.8
109497.1
111257.9
111605.5
110132.0
111081.7
112659.7
111981.4
111297.7
110724.1
111027.9
110542.0
110177.3
110902.8
109756.2
108180.8
108740.0
109332.8
108530.7
109153.2
108614.1
111300.6
111440.8
111659.7
109202.5
112086.8
112164.7
113899.1
114766.9
114161.1
113356.6
112485.1
111749.4
113863.9
113627.3
114996.7
113618.5
112755.9
114192.6
113115.4
112300.6
113104.6
111407.5
109037.8
114400.1
112496.6
114408.9
114013.0
112670.0
111878.9
110052.4
109802.8
109418.6
110971.9
111042.8
112309.1
111671.4
113094.3
112090.4
114370.5
113897.9
111018.1
112228.6
113724.1
115593.3
116548.7
111506.6
112117.2
118037.2
115421.3
113069.2
112809.1
109175.5
108473.6
110623.8
109453.8
109040.1
110690.5
111389.5
110136.2
110331.7
111141.2
109829.0
110162.5
111356.9
109430.5
109712.6
107993.3
105919.8
111301.7
107440.4
108214.3
111454.6
112452.2
110445.9
111932.8
111526.5
110174.4
108980.4
110386.9
111724.4
108667.9
109141.4
109210.7
108617.2
110425.6
111281.9
112119.0
111744.6
112834.2
114210.5
113040.3
112773.1
112617.6
112456.1
111739.3
112368.9
111617.1
112527.4
110742.8
110789.4
108824.6
113157.0
109204.1
110651.5
111889.2
112077.4
112477.9
112715.7
114380.3
114246.0
113819.2
112154.8
111584.3
113117.6
112648.7
111065.6
108864.6
108302.1
109205.2
109442.9
109580.8
110066.9
110834.0
110616.2
109747.6
109706.4
110188.7
109626.3
110231.9
110205.3
108861.9
108300.3
107599.7
108479.3
107768.5
108416.5
109439.5
109254.3
110165.2
111255.1
111886.0
114775.3
115124.2
114970.2
113273.2
108014.8
111487.9
112658.4
111658.2
109614.6
109847.4
109939.2
108189.2
107740.3
106272.1
109177.7
111349.3
108242.0
109411.7
110305.8
109982.5
111617.1
109854.6
108711.7
107033.1
107351.6
106574.5
106553.8
109609.3
107980.1
108463.0
108050.4
108384.3
107632.6
108068.1
109580.7
110807.6
109478.2
109432.7
111216.4
108922.2
109394.5
108639.7
106508.5
106097.2
105639.1
105207.6
106528.6
108033.4
108633.7
111225.8
109701.0
106854.9
106796.6
107983.6
107895.8
108881.7
109544.3
108238.6
108331.2
108731.4
108703.1
110354.7
112225.4
112625.5
113396.0
113373.9
113072.9
111524.3
112587.3
111634.1
111679.6
108696.5
110797.8
110395.5
109220.7
110878.3
112289.4
112193.9
112655.3
113819.0
115096.8
111913.6
107985.0
110785.6
110384.1
109078.6
110333.3
109283.2
111668.9
112487.2
113518.2
112457.7
112840.8
107490.6
113034.3
112478.8
112405.4
112073.3
112337.4
112342.6
112142.6
111943.0
114866.7
114011.3
108493.9
112491.5
112317.4
112235.6
113017.7
114174.7
111733.9
112065.0
113151.7
112663.1
114255.3
107983.8
113489.8
116193.4
113744.0
114000.6
112744.6
110668.6
111162.1
113717.6
112837.1
110527.0
110242.2
108382.8
109241.3
109987.8
109215.0
108766.3
108852.0
106752.4
104501.7
106136.4
106360.5
109546.3
109050.0
110813.7
109774.2
110306.9
112324.3
112510.0
111300.1
111176.4
113697.8
113543.9
112585.0
109298.4
113751.3
111586.2
114240.2
116672.2
114214.8
112986.5
113243.2
110102.2
107750.6
107451.6
109679.1
109125.8
108652.2
109489.5
109271.0
109536.4
111226.1
109259.0
110357.0
107662.4
107880.3
110121.3
109914.0
109937.4
109634.0
110121.2
111243.6
112186.6
111498.0
107855.7
108868.5
109177.6
109622.5
109188.5
109307.5
108265.5
105728.4
103810.9
105407.2
105989.6
107136.3
108876.1
109669.5
109226.2
109887.5
110435.5
110460.6
108822.3
111190.1
112823.8
113742.8
113012.1
110968.6
110673.7
109560.8
110817.0
109122.7
109942.7
110369.7
113974.0
112123.7
113704.8
112208.8
110389.6
110589.0
108879.5
110245.4
111204.5
108320.1
107506.1
106955.6
105784.2
106806.7
108475.7
107095.6
108745.4
107574.9
110726.0
110592.7
109971.0
111184.9
108444.8
109297.9
110015.0
111089.0
111510.3
110531.1
110387.8
108247.1
108677.8
109069.3
110203.4
110482.8
111693.3
111240.4
110929.1
110922.8
112215.7
112040.6
106720.1
110738.5
111195.2
111950.9
112162.2
110902.7
112529.3
111406.6
111947.3
110603.2
109907.6
109198.7
108364.0
108975.7
111799.8
111405.0
109458.9
111722.4
111601.1
111578.7
110168.8
113920.0
109392.9
114907.1
113430.0
114440.6
112723.4
110183.8
109900.5
111949.3
110857.7
109074.1
111141.2
110068.5
110955.1
113576.6
114485.9
113428.3
112287.6
111268.4
112235.4
112860.9
114039.6
109554.0
110964.9
109346.3
110905.4
111780.2
113356.2
112665.4
114135.7
112913.3
110402.1
111571.8
112164.2
111184.8
113370.6
112106.6
112906.8
112209.1
111358.8
112548.0
111834.0
113428.4
112269.8
109854.0
110524.3
110076.4
108748.5
107330.9
106959.4
107491.7
107487.4
106890.3
107785.4
106085.2
106729.3
110230.5
106932.2
107788.9
108634.6
110960.1
109040.7
110047.0
109360.0
112087.8
111467.6
110604.1
111118.3
112204.7
111499.4
109479.2
108423.6
110225.6
108296.7
108976.8
111560.1
110218.8
107967.6
111174.9
112843.1
108117.6
108110.2
109378.1
109911.9
108371.4
107772.4
108087.8
107181.1
109237.4
110514.1
111022.2
110936.4
111931.9
111753.8
111309.5
111469.3
113588.0
114638.7
113368.7
112764.4
111466.0
112384.8
110665.0
113899.8
112504.7
110237.1
109998.4
109552.6
110349.3
110402.9
110544.1
110000.7
110595.7
109162.6
106011.6
105980.1
108119.7
109269.8
109469.3
108866.7
108703.2
107448.7
106058.9
110945.7
105820.2
105864.5
106956.4
110256.8
107723.7
108833.8
107769.9
108083.9
108571.5
108319.1
112034.4
108530.8
109212.0
108458.8
109525.5
109749.2
110490.4
111033.5
109304.9
108210.2
109399.5
114037.3
109547.9
108501.2
106716.9
108067.8
107387.2
106473.0
108834.0
106469.3
105931.7
107791.5
113898.5
106813.3
107060.5
108021.1
109818.9
109248.1
107829.8
107917.9
108981.1
111473.6
110217.5
115108.0
109980.8
110106.9
110289.6
111521.7
110391.9
111599.6
109647.1
107401.2
107332.6
104688.9
114281.1
106168.4
108001.5
110568.3
110939.0
109926.4
109475.5
109463.0
111058.6
111484.3
113895.4
110758.8
115038.4
111816.4
112423.8
110267.7
112548.6
113123.8
114242.9
112424.8
113020.3
111384.8
111753.9
113813.9
112806.3
110512.1
109854.5
110208.9
110152.4
108195.7
108762.2
109650.5
111687.4
111934.7
115177.8
111032.2
110289.6
110579.6
110132.4
110696.9
113793.0
116765.1
117270.4
116742.4
114544.8
113384.9
111410.2
111304.4
111606.9
110072.4
108751.9
109624.8
109676.0
109279.7
107977.0
109274.1
113513.9
108654.8
110561.2
112219.4
112286.3
110754.8
112763.1
113004.0
110636.1
109515.5
110373.9
114961.2
109202.0
110237.8
110377.5
108787.3
106642.2
110150.2
108698.6
108257.2
109038.3
109375.2
114598.3
111930.2
114076.2
113740.1
112620.3
112523.6
110254.4
112613.0
109912.1
110767.0
111375.0
113211.9
109860.0
111270.0
112073.6
113978.4
112530.2
112033.1
112941.4
113957.0
112416.1
111428.7
111527.5
111101.1
109791.1
109991.8
113432.8
113114.2
111228.4
111633.1
109874.6
109149.8
111420.0
111090.7
110305.9
108921.6
111586.7
108803.7
108203.5
107265.3
109054.9
109077.2
112106.3
111991.1
110203.4
110173.7
112759.4
110441.3
111211.3
112683.4
112625.1
112522.0
112074.4
111154.9
111561.4
111697.0
112419.8
112713.0
111745.3
111463.1
113859.5
114681.7
114757.0
115126.3
115447.9
113935.9
113144.4
111957.3
112135.9
113132.9
112849.6
111140.9
109388.5
110344.4
110236.7
108456.7
111041.8
110224.1
115098.3
109848.1
110533.8
111145.5
111435.5
111416.0
111137.7
110935.5
109156.1
112481.4
112089.7
115543.4
112708.9
113159.0
114047.3
115051.7
113100.6
113279.2
112847.6
115442.0
116433.1
116127.0
114929.8
113731.4
113055.6
113134.4
110676.6
112032.8
112113.8
109396.5
108371.0
109856.5
108339.4
115215.2
107483.4
105887.1
105302.1
106071.5
106621.5
107171.7
109297.8
109344.9
107361.1
106563.6
117529.1
107628.1
109912.1
110546.3
111480.7
110441.2
111200.9
115342.1
115974.5
116486.6
115905.8
116853.4
114918.9
115495.5
112460.7
113409.8
111516.3
114459.4
113579.4
112364.3
114563.7
113942.2
117102.0
114219.0
114450.6
114322.4
113204.9
112329.0
112109.8
110538.9
111495.1
113046.3
114394.9
